20      30      0       0.5     1.06662       0.048170        0.048130
20      30      0.5     1       1.02269       0.042718        0.042680
20      30      1       1.5     0.981063      0.035674        0.035627
20      30      1.5     2.4     1.02581       0.035630        0.035590
30      40      0       0.5     1.08702       0.053380        0.053310
30      40      0.5     1       1.04008       0.047087        0.047030
30      40      1       1.5     0.996902      0.038989        0.038918
30      40      1.5     2.4     1.03501       0.037551        0.037490
40      50      0       0.5     1.10657       0.058350        0.058230
40      50      0.5     1       1.05675       0.051250        0.051160
40      50      1       1.5     1.01202       0.042122        0.042020
40      50      1.5     2.4     1.04363       0.039320        0.039260
50      60      0       0.5     1.12527       0.063070        0.062910
50      60      0.5     1       1.07271       0.055190        0.055090
50      60      1       1.5     1.02642       0.045064        0.044960
50      60      1.5     2.4     1.0517	      0.040960        0.040880
60      70      0       0.5     1.14314       0.067540        0.067360
60      70      0.5     1       1.08798       0.058940        0.058810
60      70      1       1.5     1.04014       0.047843        0.047710
60      70      1.5     2.4     1.05923       0.042460        0.042370
70      80      0       0.5     1.1602	      0.071770        0.071570
70      80      0.5     1       1.10256       0.062480        0.062340
70      80      1       1.5     1.05317       0.050440        0.050290
70      80      1.5     2.4     1.06622       0.043830        0.043730
80      100     0       0.5     1.1843	      0.077690        0.077460
80      100     0.5     1       1.12318       0.067430        0.067260
80      100     1       1.5     1.07148       0.054020        0.053850
80      100     1.5     2.4     1.07575       0.045640        0.045530
100     120     0       0.5     1.21375       0.084800        0.084520
100     120     0.5     1       1.14841       0.073360        0.073160
100     120     1       1.5     1.09366       0.058240        0.058030
100     120     1.5     2.4     1.08673       0.047620        0.047500
120     160     0       0.5     1.25239       0.093860        0.093530
120     160     0.5     1       1.18161       0.080910        0.080670
120     160     1       1.5     1.12235       0.063400        0.063160
120     160     1.5     2.4     1.09975       0.049770        0.049620
160     210     0       0.5     1.29874       0.104090        0.103720
160     210     0.5     1       1.22165       0.089400        0.089110
160     210     1       1.5     1.15591       0.068780        0.068500
160     210     1.5     2.4     1.11224       0.051280        0.051110
210     260     0       0.5     1.33544       0.111210        0.110820
210     260     0.5     1       1.25368       0.095250        0.094960
210     260     1       1.5     1.18129       0.071800        0.071510
210     260     1.5     2.4     1.1176	      0.050970        0.050800
260     320     0       0.5     1.36005       0.114580        0.114190
260     320     0.5     1       1.27568       0.097940        0.097650
260     320     1       1.5     1.19683       0.072120        0.071850
260     320     1.5     2.4     1.1152	      0.048780        0.048630
320     400     0       0.5     1.37144       0.113310        0.112980
320     400     0.5     1       1.28694       0.096730        0.096480
320     400     1       1.5     1.20158       0.068980        0.068780
320     400     1.5     2.4     1.10316       0.044210        0.044110
400     500     0       0.5     1.36126       0.104990        0.104810
400     500     0.5     1       1.28059       0.089650        0.089520
400     500     1       1.5     1.19051       0.061200        0.061110
400     500     1.5     2.4     1.08017       0.037440        0.037460
500     600     0       0.5     1.32995       0.090900        0.090910
500     600     0.5     1       1.25682       0.077930        0.077960
500     600     1       1.5     1.16753       0.050880        0.050980
500     600     1.5     2.4     1.05632       0.032000        0.032220
600     800     0       0.5     1.27639       0.070340        0.070650
600     800     0.5     1       1.21589       0.061460        0.061740
600     800     1       1.5     1.14302       0.040590        0.041020
600     800     1.5     2.4     1.05386       0.036400        0.037060
