20	30	-2.4	-1.5	0	0	0
20	30	-1.5	-1	0	0	0
20	30	-1	-0.5	0	0	0
20	30	-0.5	0	0	0	0
20	30	0	0.5	0	0	0
20	30	0.5	1	0	0	0
20	30	1	1.5	0	0	0
20	30	1.5	2.4	0	0	0
30	40	-2.4	-1.5	0.323958	0.275115	0.275115
30	40	-1.5	-1	0.39457		0.309934	0.309934
30	40	-1	-0.5	0.454456	0.341348	0.341348
30	40	-0.5	0	0.460588	0.343784	0.343784
30	40	0	0.5	0.465589	0.346648	0.346648
30	40	0.5	1	0.435897	0.330733	0.330733
30	40	1	1.5	0.36535		0.296175	0.296175
30	40	1.5	2.4	0.311238	0.261781	0.261781
40	50	-2.4	-1.5	0.393352	0.311388	0.311388
40	50	-1.5	-1	0.456075	0.341535	0.341535
40	50	-1	-0.5	0.519403	0.367125	0.367125
40	50	-0.5	0	0.50308		0.358222	0.358222
40	50	0	0.5	0.5391		0.370237	0.370237
40	50	0.5	1	0.504527	0.360032	0.360032
40	50	1	1.5	0.461123	0.343185	0.343185
40	50	1.5	2.4	0.369134	0.300379	0.300379
50	60	-2.4	-1.5	0.466374	0.348299	0.348299
50	60	-1.5	-1	0.549107	0.375602	0.375602
50	60	-1	-0.5	0.55792		0.374739	0.374739
50	60	-0.5	0	0.514523	0.36351		0.36351
50	60	0	0.5	0.543235	0.370397	0.370397
50	60	0.5	1	0.570545	0.381529	0.381529
50	60	1	1.5	0.502439	0.363882	0.363882
50	60	1.5	2.4	0.406491	0.324717	0.324717
60	70	-2.4	-1.5	0.434466	0.336095	0.336095
60	70	-1.5	-1	0.524941	0.367943	0.367943
60	70	-1	-0.5	0.578755	0.378983	0.378983
60	70	-0.5	0	0.571865	0.380774	0.380774
60	70	0	0.5	0.589744	0.381603	0.381603
60	70	0.5	1	0.572212	0.377273	0.377273
60	70	1	1.5	0.532847	0.367478	0.367478
60	70	1.5	2.4	0.461538	0.344622	0.344622
70	80	-2.4	-1.5	0.471429	0.361811	0.361811
70	80	-1.5	-1	0.588028	0.382367	0.382367
70	80	-1	-0.5	0.607843	0.385765	0.385765
70	80	-0.5	0	0.600998	0.387577	0.387577
70	80	0	0.5	0.644397	0.392237	0.392237
70	80	0.5	1	0.576407	0.375382	0.375382
70	80	1	1.5	0.510836	0.366595	0.366595
70	80	1.5	2.4	0.483607	0.349467	0.349467
80	100	-2.4	-1.5	0.465455	0.343497	0.343497
80	100	-1.5	-1	0.55625		0.37312		0.37312
80	100	-1	-0.5	0.590336	0.382818	0.382818
80	100	-0.5	0	0.589899	0.379601	0.379601
80	100	0	0.5	0.594059	0.382367	0.382367
80	100	0.5	1	0.616071	0.390307	0.390307
80	100	1	1.5	0.546296	0.387223	0.387223
80	100	1.5	2.4	0.420495	0.329417	0.329417
100	120	-2.4	-1.5	0.418301	0.32149		0.32149
100	120	-1.5	-1	0.562874	0.377239	0.377239
100	120	-1	-0.5	0.592		0.38314		0.38314
100	120	-0.5	0	0.569395	0.375803	0.375803
100	120	0	0.5	0.573034	0.380618	0.380618
100	120	0.5	1	0.561086	0.373754	0.373754
100	120	1	1.5	0.549738	0.376006	0.376006
100	120	1.5	2.4	0.394366	0.311669	0.311669
120	800	-2.4	-1.5	0.342282	0.219776	0.219776
120	800	-1.5	-1	0.507772	0.230173	0.230173
120	800	-1	-0.5	0.603604	0.24689		0.24689
120	800	-0.5	0	0.458974	0.218982	0.218982
120	800	0	0.5	0.519512	0.238878	0.238878
120	800	0.5	1	0.498567	0.227825	0.227825
120	800	1	1.5	0.442211	0.223396	0.223396
120	800	1.5	2.4	0.377483	0.209754	0.209754
