20      30      -2.4    -1      0       0       0
20      30      -1      0       0       0       0
20      30      0       1       0       0       0
20      30      1       2.4     0       0       0
30      40      -2.4    -1      0.0465598       0.0325952       0.0325952
30      40      -1      0       0.0654519       0.0457391       0.0457391
30      40      0       1       0.0647185       0.0453703       0.0453703
30      40      1       2.4     0.0467399       0.0329365       0.0329365
40      50      -2.4    -1      0.0523433       0.0366236       0.0366236
40      50      -1      0       0.0632672       0.043985        0.043985
40      50      0       1       0.0625		0.0438073       0.0438073
40      50      1       2.4     0.0419318       0.0296973       0.0296973
50      60      -2.4    -1      0.0534167       0.0373845       0.0373845
50      60      -1      0       0.0782042       0.0547033       0.0547033
50      60      0       1       0.0632143       0.0446417       0.0446417
50      60      1       2.4     0.0591631       0.0421457       0.0421457
60      70      -2.4    -1      0.0443314       0.0326839       0.0326839
60      70      -1      0       0.0658174       0.0455035       0.0455035
60      70      0       1       0.0656168       0.0456268       0.0456268
60      70      1       2.4     0.0539249       0.0379995       0.0379995
70      80      -2.4    -1      0.052809        0.0390621       0.0390621
70      80      -1      0       0.0577812       0.0404325       0.0404325
70      80      0       1       0.0609555       0.0421348       0.0421348
70      80      1       2.4     0.0399061       0.0290878       0.0290878
80      100     -2.4    -1      0.0537428       0.0379164       0.0379164
80      100     -1      0       0.056		0.0395409       0.0395409
80      100     0       1       0.0478558       0.0337498       0.0337498
80      100     1       2.4     0.0458716       0.0321336       0.0321336
100     120     -2.4    -1      0.0367505       0.0273074       0.0273074
100     120     -1      0       0.0459057       0.0328217       0.0328217
100     120     0       1       0.0532838       0.0374225       0.0374225
100     120     1       2.4     0.0383877       0.0274127       0.0274127
120     800     -2.4    -1      0.0435374       0.0261612       0.0261612
120     800     -1      0       0.0395026       0.0198		0.0198
120     800     0       1       0.0463792       0.0219309       0.0219309
120     800     1       2.4     0.0369881       0.0203518       0.0203518
