20      30      -2.4    2.4     1.08132         0.191791        0.191730
30      40      -2.4    2.4     1.10939         0.203899        0.203760
40      50      -2.4    2.4     1.136		0.215402        0.215210
50      60      -2.4    2.4     1.1612		0.226331        0.226080
60      70      -2.4    2.4     1.18502         0.236696        0.236370
70      80      -2.4    2.4     1.20747         0.246489        0.246130
80      100     -2.4    2.4     1.23869         0.260176        0.259740
100     120     -2.4    2.4     1.27586         0.276578        0.276070
120     160     -2.4    2.4     1.3226		0.297440        0.296840
160     210     -2.4    2.4     1.37407         0.320950        0.320280
210     260     -2.4    2.4     1.40816         0.337330        0.336640
260     320     -2.4    2.4     1.42208         0.345210        0.344590
320     400     -2.4    2.4     1.41207         0.342970        0.342560
400     500     -2.4    2.4     1.36978         0.326150        0.326080
500     600     -2.4    2.4     1.30975         0.298930        0.299360
600     800     -2.4    2.4     1.26061         0.266906        0.268090 
