20      30      -2.4    -1      0       0       0
20      30      -1      0       0       0       0
20      30      0       1       0       0       0
20      30      1       2.4     0       0       0
30      40      -2.4    -1      0.518883        0.259619        0.259619
30      40      -1      0       0.459913        0.243475        0.243475
30      40      0       1       0.451604        0.240643        0.240643
30      40      1       2.4     0.507651        0.257698        0.257698
40      50      -2.4    -1      0.455873        0.242752        0.242752
40      50      -1      0       0.388574        0.219331        0.219331
40      50      0       1       0.389205        0.219026        0.219026
40      50      1       2.4     0.434933        0.236927        0.236927
50      60      -2.4    -1      0.460539        0.24306		0.24306
50      60      -1      0       0.406227        0.226486        0.226486
50      60      0       1       0.391071        0.220786        0.220786
50      60      1       2.4     0.444444        0.238619        0.238619
60      70      -2.4    -1      0.414971        0.228625        0.228625
60      70      -1      0       0.385881        0.21727		0.21727
60      70      0       1       0.361155        0.208437        0.208437
60      70      1       2.4     0.401365        0.224384        0.224384
70      80      -2.4    -1      0.392135        0.221654        0.221654
70      80      -1      0       0.392912        0.220663        0.220663
70      80      0       1       0.38715		0.216283        0.216283
70      80      1       2.4     0.397887        0.223525        0.223525
80      100     -2.4    -1      0.37428		0.212376        0.212376
80      100     -1      0       0.358		0.207148        0.207148
80      100     0       1       0.349907        0.201881        0.201881
80      100     1       2.4     0.409174        0.226351        0.226351
100     120     -2.4    -1      0.398453        0.221532        0.221532
100     120     -1      0       0.37469		0.213507        0.213507
100     120     0       1       0.340768        0.199043        0.199043
100     120     1       2.4     0.34357		0.198739        0.198739
120     800     -2.4    -1      0.387755        0.150137        0.150137
120     800     -1      0       0.341624        0.128336        0.128336
120     800     0       1       0.355574        0.129859        0.129859
120     800     1       2.4     0.361955        0.142251        0.142251
