20      30      -2.4    2.4     0.919421        0.0511028       0.0511028
30      40      -2.4    2.4     0.919042        0.0306671       0.0306671
40      50      -2.4    2.4     0.918647        0.0317498       0.0317498
50      60      -2.4    2.4     0.918237        0.032779        0.032779
60      70      -2.4    2.4     0.917812        0.0291528       0.0291528
70      80      -2.4    2.4     0.917371        0.0249308       0.0249308
80      100     -2.4    2.4     0.916681        0.0301118       0.0301118
100     120     -2.4    2.4     0.915706        0.032047        0.032047
120     160     -2.4    2.4     0.914128        0.0348072       0.0348072
160     210     -2.4    2.4     0.911499        0.0357745       0.0357745
210     260     -2.4    2.4     0.90821		0.0378756       0.0378756
260     320     -2.4    2.4     0.904145        0.0412608       0.0412608
320     400     -2.4    2.4     0.898293        0.0777516       0.0777516
400     500     -2.4    2.4     0.889654        0.0860741       0.0860741
500     600     -2.4    2.4     0.878583        0.0942209       0.0942209
600     800     -2.4    2.4     0.859072        0.104106        0.104106
