20      30      -2.4    2.4     0		0		0
30      40      -2.4    2.4     0.00230804      0.000843534     0.000843534
40      50      -2.4    2.4     0.00135798      0.000496991     0.000496991
50      60      -2.4    2.4     0.00150023      0.000563141     0.000563141
60      70      -2.4    2.4     0.00111761      0.000412732     0.000412732
70      80      -2.4    2.4     0.00123511      0.000468323     0.000468323
80      100     -2.4    2.4     0.00115038      0.000440971     0.000440971
100     120     -2.4    2.4     0.000972429     0.000393897     0.000393897
120     160     -2.4    2.4     0.000880282     0.00035894      0.00035894
160     800     -2.4    2.4     0.000690608     0.00023207      0.00023207
