20	30	-2.4	-1.5	0	0	0
20	30	-1.5	-1	0	0	0
20	30	-1	-0.5	0	0	0
20	30	-0.5	0	0	0	0
20	30	0	0.5	0	0	0
20	30	0.5	1	0	0	0
20	30	1	1.5	0	0	0
20	30	1.5	2.4	0	0	0
30	40	-2.4	-1.5	0.826042	0.35527		0.35527
30	40	-1.5	-1	0.81167		0.356474	0.356474
30	40	-1	-0.5	0.820764	0.353093	0.353093
30	40	-0.5	0	0.815509	0.353647	0.353647
30	40	0	0.5	0.824212	0.351221	0.351221
30	40	0.5	1	0.817126	0.35236		0.35236
30	40	1	1.5	0.799392	0.366132	0.366132
30	40	1.5	2.4	0.814604	0.355531	0.355531
40	50	-2.4	-1.5	0.812558	0.35598		0.35598
40	50	-1.5	-1	0.81028		0.358028	0.358028
40	50	-1	-0.5	0.822388	0.354157	0.354157
40	50	-0.5	0	0.805613	0.357924	0.357924
40	50	0	0.5	0.811765	0.354392	0.354392
40	50	0.5	1	0.825514	0.350492	0.350492
40	50	1	1.5	0.812095	0.353922	0.353922
40	50	1.5	2.4	0.818592	0.35865		0.35865
50	60	-2.4	-1.5	0.80848		0.356274	0.356274
50	60	-1.5	-1	0.815476	0.357206	0.357206
50	60	-1	-0.5	0.838061	0.341215	0.341215
50	60	-0.5	0	0.819502	0.353401	0.353401
50	60	0	0.5	0.813835	0.354068	0.354068
50	60	0.5	1	0.82797		0.347772	0.347772
50	60	1	1.5	0.82439		0.353783	0.353783
50	60	1.5	2.4	0.816074	0.357663	0.357663
60	70	-2.4	-1.5	0.813107	0.358367	0.358367
60	70	-1.5	-1	0.800475	0.363671	0.363671
60	70	-1	-0.5	0.851648	0.331689	0.331689
60	70	-0.5	0	0.827217	0.345562	0.345562
60	70	0	0.5	0.841026	0.340737	0.340737
60	70	0.5	1	0.842779	0.337991	0.337991
60	70	1	1.5	0.836983	0.339916	0.339916
60	70	1.5	2.4	0.830769	0.350545	0.350545
70	80	-2.4	-1.5	0.832143	0.357016	0.357016
70	80	-1.5	-1	0.838028	0.343723	0.343723
70	80	-1	-0.5	0.859944	0.322331	0.322331
70	80	-0.5	0	0.852868	0.338347	0.338347
70	80	0	0.5	0.877155	0.3161		0.3161
70	80	0.5	1	0.806971	0.354575	0.354575
70	80	1	1.5	0.801858	0.368757	0.368757
70	80	1.5	2.4	0.803279	0.354094	0.354094
80	100	-2.4	-1.5	0.8		0.362093	0.362093
80	100	-1.5	-1	0.846875	0.334099	0.334099
80	100	-1	-0.5	0.85084		0.330972	0.330972
80	100	-0.5	0	0.830303	0.342757	0.342757
80	100	0	0.5	0.839604	0.337596	0.337596
80	100	0.5	1	0.848214	0.339798	0.339798
80	100	1	1.5	0.854938	0.342266	0.342266
80	100	1.5	2.4	0.819788	0.357466	0.357466
100	120	-2.4	-1.5	0.810458	0.356321	0.356321
100	120	-1.5	-1	0.856287	0.325029	0.325029
100	120	-1	-0.5	0.868		0.319857	0.319857
100	120	-0.5	0	0.825623	0.346735	0.346735
100	120	0	0.5	0.846442	0.338095	0.338095
100	120	0.5	1	0.841629	0.33351		0.33351
100	120	1	1.5	0.890052	0.291125	0.291125
100	120	1.5	2.4	0.816901	0.351461	0.351461
120	800	-2.4	-1.5	0.798658	0.281461	0.281461
120	800	-1.5	-1	0.865285	0.201365	0.201365
120	800	-1	-0.5	0.87988		0.206404	0.206404
120	800	-0.5	0	0.820513	0.235101	0.235101
120	800	0	0.5	0.848781	0.21353		0.21353
120	800	0.5	1	0.830946	0.208107	0.208107
120	800	1	1.5	0.809045	0.232976	0.232976
120	800	1.5	2.4	0.81457		0.231683	0.231683
