20      30      -2.4    2.4     0.993652        0.033408        0.033408
30      40      -2.4    2.4     0.990437        0.015446        0.015446
40      50      -2.4    2.4     0.987782        0.0146992       0.0146992
50      60      -2.4    2.4     0.985553        0.0183964       0.0183964
60      70      -2.4    2.4     0.983654        0.0185363       0.0185363
70      80      -2.4    2.4     0.982018        0.0145547       0.0145547
80      100     -2.4    2.4     0.979947        0.0176743       0.0176743
100     120     -2.4    2.4     0.977724        0.0203609       0.0203609
120     160     -2.4    2.4     0.975184        0.0143342       0.0143342
160     210     -2.4    2.4     0.972495        0.0148771       0.0148771
210     260     -2.4    2.4     0.970439        0.0157936       0.0157936
260     320     -2.4    2.4     0.968838        0.0176496       0.0176496
320     400     -2.4    2.4     0.967392        0.0209156       0.0209156
400     500     -2.4    2.4     0.966105        0.0278529       0.0278529
500     600     -2.4    2.4     0.965114        0.0346877       0.0346877
600     800     -2.4    2.4     0.96411		0.0350101       0.0350101
